              precision    recall  f1-score   support

           0       0.81      0.90      0.85      1000
           1       0.99      0.98      0.98      1000
           2       0.87      0.83      0.85      1000
           3       0.89      0.94      0.91      1000
           4       0.83      0.87      0.85      1000
           5       0.98      0.98      0.98      1000
           6       0.78      0.67      0.72      1000
           7       0.96      0.96      0.96      1000
           8       0.99      0.96      0.98      1000
           9       0.96      0.97      0.96      1000

    accuracy                           0.91     10000
   macro avg       0.91      0.91      0.91     10000
weighted avg       0.91      0.91      0.91     10000
