              precision    recall  f1-score   support

           0       0.03      0.09      0.04       199
           1       0.03      0.19      0.05       295
           2       0.49      0.52      0.51      4127
           3       0.02      0.12      0.04       200
           4       0.02      0.04      0.03       200
           5       0.00      0.00      0.00        30
           6       0.00      0.00      0.00       425
           7       0.00      0.00      0.00       200
           8       0.00      0.00      0.00       381
           9       0.00      0.00      0.00       190
          10       0.00      0.00      0.00       354
          11       0.12      0.00      0.01       335
          12       0.00      0.00      0.00       280
          13       0.00      0.00      0.00       641
          14       0.00      0.00      0.00        74
          15       0.00      0.00      0.00       318

    accuracy                           0.28      8249
   macro avg       0.05      0.06      0.04      8249
weighted avg       0.26      0.28      0.26      8249
